0.000000	1.000000
0.946450	2.000000
0.946450	3.000000
1.392900	4.000000
1.394170	5.000000
1.395440	6.000000
1.839360	7.000000
1.840620	8.000000
1.841890	9.000000
1.843150	10.000000
1.844420	11.000000
1.845680	12.000000
2.287750	13.000000
2.291080	14.000000
2.292530	15.000000
2.293980	16.000000
2.295160	17.000000
2.299860	18.000000
2.301050	19.000000
2.302230	20.000000
2.511830	20.050000
2.513020	20.100000
2.516100	20.150000
2.517290	20.200000
2.518480	20.250000
2.519670	20.300000
2.520850	20.350000
2.522040	20.400000
2.523230	20.450000
2.524420	20.500000
2.525600	20.550000
2.526790	20.600000
2.527980	20.650000
2.529170	20.700000
2.530350	20.750000
2.531540	20.800000
2.532730	20.850000
2.533920	20.900000
2.535100	20.950000
2.538800	21.000000
2.736160	21.048000
2.737350	21.095000
2.740430	21.143000
2.741620	21.190000
2.742810	21.238000
2.744000	21.286000
2.745180	21.333000
2.746370	21.381000
2.747560	21.429000
2.748750	21.476000
2.749930	21.524000
2.751120	21.571000
2.752310	21.619000
2.753500	21.667000
2.754680	21.714000
2.755870	21.762000
2.757060	21.810000
2.758310	21.857000
2.759580	21.905000
2.762020	21.952000
2.960490	21.998000
2.961680	22.043000
5.483430	1.000000
5.483430	2.000000
