0.000000	1.000000
1.222970	2.000000
1.447300	3.000000
1.449190	4.000000
1.671630	5.000000
1.673520	6.000000
1.675410	7.000000
1.677300	8.000000
1.895960	9.000000
1.897850	10.000000
1.899740	11.000000
1.901630	12.000000
1.903520	13.000000
1.905410	14.000000
1.907310	15.000000
1.909200	16.000000
2.120290	17.000000
2.122180	18.000000
2.124070	19.000000
2.125960	20.000000
2.127850	20.050000
2.129750	20.100000
2.131640	20.150000
2.133530	20.199000
2.135420	20.249000
2.137310	20.298000
2.139200	20.347000
2.141090	20.397000
2.142980	20.446000
2.170200	20.494000
2.172090	20.543000
2.173980	20.592000
2.344620	20.641000
2.346510	20.689000
2.348400	20.737000
2.350300	20.786000
2.352190	20.834000
2.354080	20.882000
2.355970	20.930000
2.357860	20.977000
2.359750	21.025000
2.361640	21.073000
2.363530	21.120000
2.365420	21.167000
2.367310	21.215000
2.370650	21.262000
2.392570	21.309000
2.394460	21.356000
2.396350	21.403000
2.398240	21.449000
2.400130	21.496000
2.402020	21.542000
2.568950	21.589000
2.570850	21.635000
2.572740	21.681000
2.574630	21.727000
2.576520	21.773000
2.578410	21.819000
2.580300	21.865000
2.582190	21.911000
2.584080	21.957000
2.585970	22.002000
2.587860	22.048000
2.589750	22.093000
2.591640	22.138000
2.595920	22.183000
2.621700	22.228000
2.623590	22.273000
2.625480	22.318000
2.627370	22.363000
2.629260	22.408000
2.631150	22.453000
2.793290	22.497000
2.795180	22.542000
2.797070	22.586000
2.798960	22.630000
2.800850	22.674000
2.802740	22.718000
2.804630	22.762000
2.806520	22.806000
2.808410	22.850000
2.810300	22.894000
2.812190	22.938000
2.814080	22.981000
2.815970	23.025000
2.820250	23.068000
2.846030	23.112000
2.847920	23.155000
2.849810	23.198000
2.851700	23.241000
2.853590	23.284000
2.855480	23.327000
3.017620	23.370000
3.019510	23.413000
3.021400	23.455000
3.023290	23.498000
3.025180	23.541000
3.027070	23.583000
3.028960	23.626000
3.030850	23.668000
3.032740	23.710000
3.034630	23.752000
3.036520	23.794000
3.038410	23.836000
3.040300	23.878000
3.044580	23.920000
3.070360	23.962000
3.072250	24.004000
3.074140	24.045000
3.076030	24.087000
3.077920	24.129000
3.079810	24.170000
3.241950	24.211000
3.243840	24.253000
3.245730	24.294000
3.247620	24.335000
3.249510	24.376000
3.251400	24.417000
3.253290	24.458000
3.255180	24.499000
3.257070	24.540000
3.258960	24.581000
3.260850	24.621000
3.262750	24.662000
3.264640	24.702000
3.268910	24.743000
3.294690	24.783000
3.296580	24.824000
3.298470	24.864000
3.300360	24.904000
3.302250	24.944000
3.304140	24.984000
3.466280	25.024000
3.468170	25.064000
3.470060	25.104000
3.471950	25.144000
3.473840	25.184000
3.475730	25.224000
3.477620	25.263000
3.479510	25.303000
3.481400	25.342000
3.483290	25.382000
3.485190	25.421000
3.487080	25.461000
3.488970	25.500000
3.493240	25.539000
3.519020	25.578000
3.520910	25.617000
3.522800	25.656000
3.524690	25.695000
3.526580	25.734000
3.528480	25.773000
3.690610	25.812000
3.692500	25.851000
3.694390	25.889000
3.696280	25.928000
3.698170	25.967000
3.700060	26.005000
3.701950	26.044000
3.703840	26.082000
3.705740	26.120000
3.707630	26.159000
3.709520	26.197000
3.711410	26.235000
3.713300	26.273000
3.717570	26.311000
3.743350	26.349000
3.745240	26.387000
3.747130	26.425000
3.749030	26.463000
3.750920	26.501000
3.752810	26.538000
3.914940	26.576000
3.916830	26.614000
3.918720	26.651000
3.920610	26.689000
3.922500	26.726000
3.924390	26.764000
3.926290	26.801000
3.928180	26.838000
3.930070	26.876000
3.931960	26.913000
3.933850	26.950000
3.935740	26.987000
3.937630	27.024000
3.941900	27.061000
3.967680	27.098000
3.969570	27.135000
3.971470	27.172000
3.973360	27.209000
3.975250	27.245000
3.977140	27.282000
4.139270	27.319000
4.141160	27.355000
4.143050	27.392000
4.144940	27.428000
4.146840	27.465000
4.148730	27.501000
4.150620	27.538000
4.152510	27.574000
4.154400	27.610000
4.156290	27.646000
4.158180	27.683000
4.160070	27.719000
4.161960	27.755000
4.166230	27.791000
4.192020	27.827000
4.193910	27.863000
4.195800	27.899000
4.197690	27.934000
4.199580	27.970000
4.201470	28.006000
4.363600	28.042000
4.365490	28.077000
4.367390	28.113000
4.369280	28.149000
4.371170	28.184000
4.373060	28.220000
4.374950	28.255000
4.376840	28.290000
4.378730	28.326000
4.380620	28.361000
4.382510	28.396000
4.384400	28.432000
4.386290	28.467000
4.390560	28.502000
4.416350	28.537000
4.418240	28.572000
4.420130	28.607000
4.422020	28.642000
4.423910	28.677000
4.425800	28.712000
4.587930	28.747000
4.589830	28.781000
4.591720	28.816000
4.593610	28.851000
4.595500	28.885000
4.597390	28.920000
4.599280	28.955000
4.601170	28.989000
4.603060	29.024000
4.604950	29.058000
4.606840	29.093000
4.608730	29.127000
4.610620	29.161000
4.614900	29.196000
4.640680	29.230000
4.642570	29.264000
4.644460	29.298000
4.646350	29.332000
4.648240	29.366000
4.650130	29.400000
4.812270	29.434000
4.814160	29.468000
4.816050	29.502000
4.817940	29.536000
4.819830	29.570000
4.821720	29.604000
4.823610	29.638000
4.825500	29.671000
4.827390	29.705000
4.829280	29.739000
4.831170	29.772000
4.833060	29.806000
4.834950	29.840000
4.839230	29.873000
4.865010	29.907000
4.866900	29.940000
4.868790	29.973000
4.870680	30.007000
4.872570	30.040000
4.874460	30.073000
5.036600	30.107000
5.038490	30.140000
5.040380	30.173000
5.042270	30.206000
5.044160	30.239000
5.046050	30.272000
5.047940	30.305000
5.049830	30.338000
5.051720	30.371000
5.053610	30.404000
5.055500	30.437000
5.057390	30.470000
5.059280	30.503000
5.063560	30.536000
5.089340	30.568000
5.091230	30.601000
5.093120	30.634000
5.095010	30.666000
5.096900	30.699000
5.098790	30.732000
5.368790	1.000000
